[[87, 5043],
 [3424],
 [928],
 [1712],
 [1028],
 [47, 48, 5369],
 [7395],
 [3680],
 [5618],
 [7255, 7256, 7257],
 [3153],
 [7081],
 [932],
 [5603],
 [2803],
 [666],
 [916],
 [1894, 4864],
 [3357],
 [5776],
 [6699],
 [3280],
 [1834],
 [256, 936, 5251],
 [3949],
 [3061],
 [5051],
 [4247],
 [7379],
 [4781],
 [644],
 [6516],
 [6615, 6751, 6819, 6878, 7218],
 [1895],
 [1206],
 [6459],
 [1033],
 [662],
 [1954],
 [3996],
 [2475],
 [1935],
 [5819],
 [1838],
 [1966],
 [2654],
 [6632],
 [259],
 [1145],
 [1403],
 [1635],
 [3208],
 [914],
 [5942, 7031],
 [6557],
 [4516],
 [867],
 [2670],
 [5751],
 [2390],
 [108],
 [4113],
 [2771],
 [2783],
 [50, 218, 4765],
 [3162],
 [7001],
 [4848],
 [7358],
 [1295],
 [7425],
 [3640],
 [3993],
 [2726],
 [5783],
 [1607],
 [4443],
 [212],
 [1327],
 [3122],
 [3900],
 [4118],
 [225, 226, 6002, 7124],
 [6793],
 [341, 6874],
 [1072],
 [5440],
 [6057],
 [817, 6659],
 [1071, 6954],
 [3358],
 [3787],
 [3489],
 [1479],
 [1097, 1098, 1099],
 [1373]]